{'shape': [80, 80], 'nbr_classes': 7, 'train_path': '../../Databases/FER-2013/train/', 'test_path': '../../Databases/FER-2013/test/', 'batch_size': 8, 'epochs': 50, 'number_of_last_layers_trainable': 10, 'learning_rate': 0.001, 'nesterov': True, 'momentum': 0.9}
val_acc: [0.3913043439388275, 0.4637681245803833, 0.49400779604911804, 0.5348383784294128, 0.5475195050239563, 0.5430601835250854, 0.5687012076377869, 0.5785953402519226, 0.5841694474220276, 0.5726031064987183, 0.5833333134651184]
val_loss: [1.550490379333496, 1.3849180936813354, 1.325241208076477, 1.2228906154632568, 1.2199420928955078, 1.2182488441467285, 1.1534966230392456, 1.1079720258712769, 1.1144052743911743, 1.140885353088379, 1.149537444114685]