{'shape': [80, 80], 'nbr_classes': 7, 'train_path': '../../Databases/FER-2013/train/', 'test_path': '../../Databases/FER-2013/test/', 'batch_size': 8, 'epochs': 50, 'number_of_last_layers_trainable': 5}
val_acc: [0.26727983355522156, 0.36036789417266846, 0.4127647578716278, 0.4889910817146301, 0.5100334286689758, 0.502229630947113, 0.5337235331535339, 0.5356744527816772, 0.5510033369064331, 0.5448718070983887, 0.5774804949760437, 0.5638238787651062, 0.5799888372421265, 0.5914158225059509, 0.583751380443573, 0.5926700234413147, 0.6027034521102905, 0.6059085726737976, 0.6091136932373047, 0.596711277961731, 0.608834981918335]
val_loss: [12.444564819335938, 16.920143127441406, 0.40295174717903137, 0.3038421869277954, 0.3090534806251526, 0.32808229327201843, 0.3839253783226013, 0.27909600734710693, 0.28761911392211914, 0.2841835021972656, 0.26421186327934265, 0.2729112207889557, 0.26125603914260864, 0.26025789976119995, 0.25841230154037476, 0.25601398944854736, 0.2529037594795227, 0.2484993040561676, 0.24426136910915375, 0.25251737236976624, 0.2543341815471649]