{'shape': [100, 100], 'nbr_classes': 7, 'train_path': '../../Databases/FER-2013/train/', 'test_path': '../../Databases/FER-2013/test/', 'batch_size': 10, 'epochs': 50, 'number_of_last_layers_trainable': 5, 'learning_rate': 0.001, 'nesterov': True, 'momentum': 0.9}
val_acc: [0.521338939666748, 0.5617852210998535, 0.584797739982605, 0.5903765559196472, 0.6218968033790588, 0.6174337267875671, 0.6178521513938904]
val_loss: [1.2428771257400513, 1.1428275108337402, 1.0926029682159424, 1.078981637954712, 1.0206438302993774, 1.0423327684402466, 1.0308244228363037]
