{'shape': [80, 80], 'nbr_classes': 7, 'train_path': '../../Databases/FER-2013/train/', 'test_path': '../../Databases/FER-2013/test/', 'batch_size': 8, 'epochs': 50, 'number_of_last_layers_trainable': 10}
val_acc: [0.458751380443573, 0.46321070194244385, 0.5143533945083618, 0.44453734159469604, 0.5395763516426086, 0.5660535097122192, 0.5571348667144775, 0.573857307434082, 0.579431414604187, 0.5900223255157471, 0.5756688714027405, 0.6074414849281311, 0.6116220951080322, 0.5978260636329651, 0.6001951098442078]
val_loss: [0.3199605345726013, 0.3161770701408386, 0.28650936484336853, 0.32473668456077576, 0.29312509298324585, 0.2629767954349518, 0.2629617154598236, 0.2558591961860657, 0.2553551495075226, 0.24993176758289337, 0.26318904757499695, 0.2418956607580185, 0.24030877649784088, 0.2480461299419403, 0.24436666071414948]