{'shape': [80, 80], 'nbr_classes': 7, 'train_path': '../../Databases/FER-2013/train/', 'test_path': '../../Databases/FER-2013/test/', 'batch_size': 8, 'epochs': 50, 'number_of_last_layers_trainable': 10, 'learning_rate': 0.001, 'nesterov': True, 'momentum': 0.9}
val_acc: [0.4952619969844818, 0.5409699082374573, 0.5790134072303772, 0.5744147300720215, 0.5836120247840881, 0.6185897588729858, 0.613154947757721, 0.6205406785011292, 0.6231883764266968, 0.6282051205635071, 0.6210981011390686, 0.6291806101799011, 0.6169174909591675, 0.6372631192207336, 0.6404682397842407, 0.6307134628295898, 0.650083601474762, 0.6307134628295898, 0.6304348111152649]
val_loss: [1.3096686601638794, 1.1936217546463013, 1.1262853145599365, 1.1294525861740112, 1.1049792766571045, 1.0365222692489624, 1.0408984422683716, 1.023848056793213, 1.036094069480896, 1.0051652193069458, 1.0374497175216675, 1.041775107383728, 1.0706391334533691, 1.0345721244812012, 1.0169860124588013, 1.0510905981063843, 1.0176060199737549, 1.0613231658935547, 1.1074316501617432]