{'shape': [80, 80], 'nbr_classes': 7, 'train_path': '../../Databases/FER-2013/train/', 'test_path': '../../Databases/FER-2013/test/', 'batch_size': 8, 'epochs': 50, 'number_of_last_layers_trainable': 5}
val_acc: [0.43352842330932617, 0.46753066778182983, 0.4416109323501587, 0.5399944186210632, 0.5388795733451843, 0.5540691018104553, 0.583751380443573, 0.592391312122345, 0.5819398164749146, 0.6008918881416321, 0.6043757200241089, 0.5954570770263672, 0.6035395860671997]
val_loss: [0.33340439200401306, 0.33483245968818665, 0.5454156398773193, 0.28214362263679504, 0.2766414284706116, 0.26661407947540283, 0.2535093426704407, 0.24956893920898438, 0.2589142918586731, 0.243361234664917, 0.24542231857776642, 0.2920572757720947, 0.24285578727722168]